Env_base: K-1.2.0-25
files: KJ_CD_14.txt, SK_CD_14.txt, SK_CD_16.txtn_node 64, net_size 83812, n_phase_1 64, n_phase_2 256, n_phase_3 128
D_hat_phase3
667114, 531975, 24742.3, 12140.8, 23683.9, 1838.87, 740.664, 139.023, 12108.4, 35526.2, 36580.6, 1079.06, 42987.9, -89.1797, 2510.82, 943.203, 
2.00152e+06, 2.12618e+06, 116611, 38192.1, 122618, 4895.51, 1946.77, 424.149, 33801, 109623, 145195, 2500.11, 127024, 277.63, 8643.62, 3358.12, 
111172, 160271, 47868.6, 1433.15, 8634.35, 359.564, 198.463, 131.315, 1269.63, 4480.75, 7819.22, -7.08435, 4586.98, 154.133, 694.821, 399.261, 
119004, 78121.1, 2035.27, 91131.2, 141180, 14137.9, 4614.18, 1980.35, 82922.9, 243836, 232263, 5998.2, 251903, 2796.05, 13606.1, 3857.34, 
124557, 194409, 7576.12, 146868, 655132, 7541.22, 6615.18, 3680.14, 75908.7, 365660, 591137, 3252.87, 374772, 6300.3, 30464.8, 10952.1, 
-353.475, 1084.79, 1023.21, 11946.1, 2237.29, 70537, 2600.55, 404.62, 100155, 71678.7, 48425.2, 1009.99, 21547.3, 808.116, 5178.81, 1984.7, 
10922.7, 7593.88, 277.042, 4870.96, 6598.7, 2398.94, 2617.75, 151.152, 6546.04, 13196.8, 12537.1, 329.119, 14423.5, 117.211, 702.263, 180.138, 
2178.17, 1792.24, 48.1785, 2064.88, 3255.35, 446.372, 167.445, 178.302, 2868.62, 6065.7, 5437.57, 123.888, 5555.82, 74.6412, 348.263, 117.207, 
71995.8, 64130.2, 5123.15, 78835.6, 54760.6, 97630.5, 6424.46, 2267.47, 446873, 405184, 270427, 5077.65, 198810, 4160.26, 26506.8, 9816.74, 
253982, 174838, 5456.63, 246825, 338537, 78445, 13082.6, 5823.49, 426562, 831011, 677682, 15383.5, 667412, 8116, 49714, 14572.4, 
266419, 234689, 7689.28, 238532, 581987, 57195.3, 12233.7, 5098.47, 302823, 691409, 983289, 10885.8, 651286, 8206.98, 45332, 12837.4, 
13649.9, 5707.7, 40.3906, 5976.17, 2855.2, 1079.65, 377.5, 153.633, 5169.73, 14407.9, 10566.2, 5656.88, 16420.7, 377.344, 858.242, 398.086, 
276736, 88858.5, 2764.38, 222834, 327440, 36613.1, 12391.5, 4934.57, 228608, 625871, 600489, 15501, 1.59763e+06, 6691.61, 30218.2, 8312.96, 
-6375.82, -3215.51, -90.2344, 2886.13, 4789.22, 946.758, 150.898, 90.6641, 3991.76, 7700.27, 7275.74, 353.125, 6245.35, 2391.6, 631.016, 640.82, 
84703.2, 76682.5, 4244.22, 13308.5, 29091.9, 5257.15, 656.25, 339.648, 26808.1, 49357.5, 43473.2, 856.289, 32033.2, 585.117, 12859.1, 1660.94, 
29524.5, 29576.7, 1799.38, 3789.53, 9440.98, 1879.57, 182.539, 134.492, 10044.2, 14256.8, 11435.7, 351.641, 8261.68, 584.922, 1644.18, 4230.82, 
Last tstat are -0.0845692, -0.143428, -0.185923, -0.0259026, -0.149293, 0.0539474, 0.0274063, -0.140311, 0.00149975, -0.0492146, -0.0493908, -0.113661, -0.0696056, 0.00754167, -0.00491221, 0.0289772, 
Last max_test is 0.451996
Cov_theta
9.94672e-07, -8.10244e-07, 7.84351e-07, 1.10836e-06, 2.31723e-07, -4.7879e-07, 8.34573e-07, -4.41837e-06, 6.85926e-07, -7.70708e-07, 7.1586e-08, 1.39703e-06, 8.2193e-08, 3.37891e-06, -9.71663e-07, -1.63517e-06, 
-8.10244e-07, 1.05614e-06, -2.05982e-06, 9.86902e-07, -2.52537e-07, 4.56237e-07, -9.53408e-07, 8.95019e-06, -5.41762e-07, 3.33202e-07, -2.64643e-07, -8.80737e-07, -1.53222e-07, -1.61388e-06, 9.1675e-07, 7.91922e-07, 
7.84351e-07, -2.05982e-06, 2.55353e-05, 1.36481e-06, -2.18267e-07, -6.25384e-07, -2.26633e-05, -3.84899e-05, 1.41813e-06, -1.84329e-06, 1.60554e-07, -9.03688e-06, 6.28775e-07, 6.7337e-06, 3.84444e-06, -1.10724e-05, 
1.10836e-06, 9.86902e-07, 1.36481e-06, 0.000195385, -2.46023e-06, -1.03003e-05, -8.44545e-05, -8.61967e-05, 2.43068e-05, -5.25341e-05, -1.40218e-05, -6.54632e-05, -3.32339e-06, -2.37448e-05, 1.32759e-05, -6.2308e-07, 
2.31723e-07, -2.52537e-07, -2.18267e-07, -2.46023e-06, 4.77302e-06, -7.54489e-07, -1.39985e-06, -1.37372e-05, 1.53085e-06, 1.64187e-08, -2.3409e-06, 1.6144e-06, -1.17573e-07, 7.88578e-06, -2.14259e-06, -1.0131e-05, 
-4.7879e-07, 4.56237e-07, -6.25384e-07, -1.03003e-05, -7.54489e-07, 2.49319e-05, -2.73684e-06, -2.03538e-05, -5.96167e-06, 3.63834e-06, 1.70085e-06, 1.46119e-05, 2.42765e-07, 4.12104e-06, 8.0092e-06, -9.90634e-06, 
8.34573e-07, -9.53408e-07, -2.26633e-05, -8.44545e-05, -1.39985e-06, -2.73684e-06, 0.000622821, 0.000153784, -5.42097e-06, 1.65336e-05, 2.52997e-06, 3.05512e-06, 2.99667e-06, -3.84428e-05, -4.12778e-05, 2.87936e-06, 
-4.41837e-06, 8.95019e-06, -3.84899e-05, -8.61967e-05, -1.37372e-05, -2.03538e-05, 0.000153784, 0.00780058, -2.16851e-05, -1.54767e-05, 8.93684e-06, -3.02061e-05, -1.54431e-05, 0.000155325, -2.66962e-05, -0.000180601, 
6.85926e-07, -5.41762e-07, 1.41813e-06, 2.43068e-05, 1.53085e-06, -5.96167e-06, -5.42097e-06, -2.16851e-05, 9.53429e-06, -1.05174e-05, -2.33355e-06, -6.95319e-06, 2.19132e-07, -2.71533e-06, -2.1761e-06, 8.41241e-07, 
-7.70708e-07, 3.33202e-07, -1.84329e-06, -5.25341e-05, 1.64187e-08, 3.63834e-06, 1.65336e-05, -1.54767e-05, -1.05174e-05, 1.99492e-05, 2.62102e-06, 7.53371e-06, 1.83864e-07, 1.07115e-05, -8.25431e-06, -3.15389e-06, 
7.1586e-08, -2.64643e-07, 1.60554e-07, -1.40218e-05, -2.3409e-06, 1.70085e-06, 2.52997e-06, 8.93684e-06, -2.33355e-06, 2.62102e-06, 4.78314e-06, 5.70039e-06, -1.93597e-07, -5.84964e-06, -2.22991e-06, 5.86882e-06, 
1.39703e-06, -8.80737e-07, -9.03688e-06, -6.54632e-05, 1.6144e-06, 1.46119e-05, 3.05512e-06, -3.02061e-05, -6.95319e-06, 7.53371e-06, 5.70039e-06, 0.000337902, 1.22218e-06, -3.62284e-05, 2.30096e-05, -3.65815e-05, 
8.2193e-08, -1.53222e-07, 6.28775e-07, -3.32339e-06, -1.17573e-07, 2.42765e-07, 2.99667e-06, -1.54431e-05, 2.19132e-07, 1.83864e-07, -1.93597e-07, 1.22218e-06, 1.05726e-06, 1.71392e-06, 1.73617e-06, 8.52966e-07, 
3.37891e-06, -1.61388e-06, 6.7337e-06, -2.37448e-05, 7.88578e-06, 4.12104e-06, -3.84428e-05, 0.000155325, -2.71533e-06, 1.07115e-05, -5.84964e-06, -3.62284e-05, 1.71392e-06, 0.000616248, -2.22154e-05, -0.000123926, 
-9.71663e-07, 9.1675e-07, 3.84444e-06, 1.32759e-05, -2.14259e-06, 8.0092e-06, -4.12778e-05, -2.66962e-05, -2.1761e-06, -8.25431e-06, -2.22991e-06, 2.30096e-05, 1.73617e-06, -2.22154e-05, 0.000122492, -1.64733e-05, 
-1.63517e-06, 7.91922e-07, -1.10724e-05, -6.2308e-07, -1.0131e-05, -9.90634e-06, 2.87936e-06, -0.000180601, 8.41241e-07, -3.15389e-06, 5.86882e-06, -3.65815e-05, 8.52966e-07, -0.000123926, -1.64733e-05, 0.000367172, 
Last paramters are 
rate_p, 0.177053, 0.000997332, 
rate_outdeg_p, 1.04938, 0.00102769, 
rate_age_p, -0.184912, 0.00505325, 
outde_p, -3.66728, 0.013978, 
ego_sale_p, 0.0138394, 0.00218472, 
alt_lab_pro_p, -0.12318, 0.00499318, 
alt_grow_p, 0.316503, 0.0249564, 
alt_pf_p, 0.925555, 0.0883209, 
alt_sale_p, 0.0133277, 0.00308776, 
inPop_p, 0.440754, 0.00446645, 
sim_size_p, 0.105777, 0.00218704, 
sim_tech_p, 0.207114, 0.0183821, 
geo_dis_p, -0.153831, 0.00102823, 
recipro_p, 1.4234, 0.0248243, 
two_dis_t1_p, 1.5409, 0.0110676, 
two_dis_t3_p, 0.57001, 0.0191617, 

Phase 3 time is 15177.8
