Env_base: K-1.2.0-25
files: KJ_AB_10.txt, SK_AB_10.txt, SK_AB_12.txtn_node 64, net_size 83386, n_phase_1 64, n_phase_2 256, n_phase_3 128
D_hat_phase3
716892, 388379, 17784.4, 6147.19, 12459.3, 1131.95, -93.7109, 354.219, 5988.4, 17551.8, 18415.6, 534.219, 21742.9, -7.03125, 1622.89, 752.812, 
2.17985e+06, 1.6102e+06, 84380.2, 19878.9, 65264.6, 3195.08, -81.141, 1077.85, 17066.6, 55331.7, 75325.2, 1658.59, 65648.1, 8.35695, 5460.5, 2700.05, 
118265, 118103, 38532.3, 645.001, 3688.03, 19.1487, 50.4049, 29.7873, 564.24, 1998.95, 3332.04, -37.7803, 1967.81, 8.51337, 377.869, 150.808, 
162903, 76983.1, 2756.21, 60147.7, 92262.2, 8524.22, -1652.77, 822.969, 51851, 155207, 149176, 3545.31, 162570, 1802.27, 9051.64, 2528.28, 
230949, 237374, 8946.97, 101281, 429177, 4029.99, -2422.81, 1318.42, 49328.2, 241717, 389284, 1532.77, 254122, 4035.75, 21210.7, 7400.02, 
8266.97, 3047.22, 975.136, 6921.49, 1092.08, 46801.6, 718.609, 328.826, 63161.7, 44788, 28498.6, 690.345, 11220.5, 588.491, 3677.47, 1463.56, 
3247.64, 2744.42, 221.029, -1647.61, -2585.54, 662.264, 3240.78, 154.589, -891.635, -4984.22, -4142.82, -89.5248, -4217.92, 16.9323, -284.337, -78.4677, 
1351.72, 723.886, 34.7683, 758.391, 1184.83, 278.585, 87.2374, 105.457, 1051.22, 2131.72, 1945.03, 44.2806, 2071.81, 30.0459, 123.015, 29.0058, 
147204, 75025.2, 5604.42, 49857.5, 34632.5, 62465.8, -904.611, 1389.97, 284254, 258253, 165469, 3325.34, 119927, 3084.01, 18114.5, 6988.87, 
391461, 188606, 8032.31, 160240, 217337, 49738, -5090.05, 2561.59, 272105, 529253, 428372, 9167.71, 422466, 5556.47, 32866.9, 9743.65, 
422813, 266644, 10158.2, 158063, 380682, 33330.9, -4206.22, 2652.24, 183793, 440092, 634146, 6637.73, 422390, 5455.29, 30371.3, 8604.19, 
15224.5, 4048.55, 55.4688, 3729.92, 1806.76, 678.398, -142.383, 13.9062, 3134.41, 8892.81, 6529.8, 3566.45, 10229.5, 156.016, 536.836, 198.672, 
397725, 112946, 4173.43, 148775, 218669, 21277, -4033.6, 1512.6, 141674, 401842, 389797, 9617.81, 1.05098e+06, 3974.68, 19314.4, 4738.04, 
-3916.8, -333.32, -20.1953, 1783.98, 3085.94, 520.781, -60.8984, -14.6484, 2452.15, 4774.18, 4530.98, 182.031, 3788.05, 1586.21, 402.695, 384.062, 
98848.4, 63387, 3411.21, 8517.07, 18732.5, 3478.28, -284.062, 187.617, 17204, 31232.9, 27068.4, 560.82, 19812.8, 377.461, 9160.47, 1278.12, 
36249.3, 25588.5, 1584.38, 2461.41, 6273.75, 1257.81, -120.586, 36.2109, 6757.89, 9432.27, 7234.8, 253.516, 5167.23, 451.836, 1203.95, 3199.06, 
Last tstat are -0.160605, -0.131608, 0.0256488, 0.0767006, 0.0661169, -0.054539, -0.179418, 0.0390022, -0.117444, -0.0203024, 0.0146114, 0.102633, 0.214207, 0.153627, -0.0935168, -0.0551788, 
Last max_test is 0.46041
Cov_theta
5.44505e-07, -6.9695e-07, 3.64523e-07, -4.82931e-07, -1.19133e-07, 3.15789e-07, -5.18637e-07, -3.87593e-06, -8.06317e-08, -4.51655e-08, 1.78607e-07, -1.25081e-06, 4.61539e-08, -1.1825e-06, -3.48306e-07, 1.68335e-06, 
-6.9695e-07, 1.33231e-06, -1.79842e-06, 1.75087e-06, 1.84344e-07, 1.92415e-08, 1.71037e-06, -7.66043e-06, 3.69439e-07, -2.12998e-07, -4.12972e-07, 1.86538e-07, -1.2342e-07, 2.40629e-06, 9.81412e-07, -4.25445e-06, 
3.64523e-07, -1.79842e-06, 3.1809e-05, 1.10701e-06, 1.28485e-06, -2.60246e-07, -1.38068e-05, 2.98224e-05, -1.77878e-07, -4.61371e-07, -1.29215e-06, -3.18128e-08, -6.57169e-07, -1.33279e-05, -2.42791e-06, 6.04084e-06, 
-4.82931e-07, 1.75087e-06, 1.10701e-06, 0.00016569, -6.90027e-06, -7.77696e-06, 3.00157e-05, -6.09877e-05, 2.06513e-05, -4.38629e-05, -1.04243e-05, -4.61074e-05, -1.98904e-06, -2.53441e-05, 2.24507e-05, -4.48062e-07, 
-1.19133e-07, 1.84344e-07, 1.28485e-06, -6.90027e-06, 8.54795e-06, 2.02196e-06, -6.97778e-06, 2.37917e-06, 8.93073e-07, 1.61343e-06, -4.4123e-06, 8.49843e-06, -1.05474e-07, 2.53306e-06, -8.60578e-06, -5.42044e-06, 
3.15789e-07, 1.92415e-08, -2.60246e-07, -7.77696e-06, 2.02196e-06, 3.91903e-05, -1.48212e-05, 6.55513e-05, -1.17726e-05, 3.3874e-06, -1.85032e-06, 4.92478e-06, -6.08351e-07, -5.57603e-06, 2.59548e-06, 5.97737e-06, 
-5.18637e-07, 1.71037e-06, -1.38068e-05, 3.00157e-05, -6.97778e-06, -1.48212e-05, 0.000485691, -0.000756319, 4.38229e-06, 3.30322e-06, 5.3956e-06, -3.80812e-05, -2.0692e-06, -3.77857e-05, 3.87828e-06, 4.07704e-05, 
-3.87593e-06, -7.66043e-06, 2.98224e-05, -6.09877e-05, 2.37917e-06, 6.55513e-05, -0.000756319, 0.0133811, -7.84207e-05, -3.01139e-05, -3.90608e-05, 0.00015477, 2.66839e-05, -8.44601e-05, 5.00668e-05, 0.0001701, 
-8.06317e-08, 3.69439e-07, -1.77878e-07, 2.06513e-05, 8.93073e-07, -1.17726e-05, 4.38229e-06, -7.84207e-05, 1.42263e-05, -1.10313e-05, -7.58964e-07, -6.25578e-06, 1.9313e-07, -1.14729e-05, 4.02489e-07, -1.11882e-05, 
-4.51655e-08, -2.12998e-07, -4.61371e-07, -4.38629e-05, 1.61343e-06, 3.3874e-06, 3.30322e-06, -3.01139e-05, -1.10313e-05, 2.2929e-05, -1.04236e-06, 5.64478e-07, -5.59254e-07, 1.72058e-06, -2.0127e-05, 5.94194e-06, 
1.78607e-07, -4.12972e-07, -1.29215e-06, -1.04243e-05, -4.4123e-06, -1.85032e-06, 5.3956e-06, -3.90608e-05, -7.58964e-07, -1.04236e-06, 8.69889e-06, 2.50464e-07, -3.40874e-07, -2.39142e-06, 1.92475e-06, 2.0822e-07, 
-1.25081e-06, 1.86538e-07, -3.18128e-08, -4.61074e-05, 8.49843e-06, 4.92478e-06, -3.80812e-05, 0.00015477, -6.25578e-06, 5.64478e-07, 2.50464e-07, 0.000377698, 2.00351e-06, -4.85722e-05, -1.76313e-05, 1.46742e-05, 
4.61539e-08, -1.2342e-07, -6.57169e-07, -1.98904e-06, -1.05474e-07, -6.08351e-07, -2.0692e-06, 2.66839e-05, 1.9313e-07, -5.59254e-07, -3.40874e-07, 2.00351e-06, 1.61884e-06, -6.09696e-07, 1.20656e-06, -4.69526e-06, 
-1.1825e-06, 2.40629e-06, -1.33279e-05, -2.53441e-05, 2.53306e-06, -5.57603e-06, -3.77857e-05, -8.44601e-05, -1.14729e-05, 1.72058e-06, -2.39142e-06, -4.85722e-05, -6.09696e-07, 0.000973887, 1.7032e-05, -0.000144109, 
-3.48306e-07, 9.81412e-07, -2.42791e-06, 2.24507e-05, -8.60578e-06, 2.59548e-06, 3.87828e-06, 5.00668e-05, 4.02489e-07, -2.0127e-05, 1.92475e-06, -1.76313e-05, 1.20656e-06, 1.7032e-05, 0.000207506, -5.13099e-05, 
1.68335e-06, -4.25445e-06, 6.04084e-06, -4.48062e-07, -5.42044e-06, 5.97737e-06, 4.07704e-05, 0.0001701, -1.11882e-05, 5.94194e-06, 2.0822e-07, 1.46742e-05, -4.69526e-06, -0.000144109, -5.13099e-05, 0.000621968, 
Last paramters are 
rate_p, 0.114003, 0.000737906, 
rate_outdeg_p, 1.06853, 0.00115426, 
rate_age_p, -0.182181, 0.00563994, 
outde_p, -3.59973, 0.0128721, 
ego_sale_p, 0.0237089, 0.00292369, 
alt_lab_pro_p, -0.145315, 0.00626022, 
alt_grow_p, 0.463973, 0.0220384, 
alt_pf_p, -0.508453, 0.115677, 
alt_sale_p, 0.029519, 0.00377177, 
inPop_p, 0.459701, 0.00478843, 
sim_size_p, 0.114993, 0.00294939, 
sim_tech_p, 0.170928, 0.0194345, 
geo_dis_p, -0.147226, 0.00127234, 
recipro_p, 1.51545, 0.0312072, 
two_dis_t1_p, 1.46762, 0.0144051, 
two_dis_t3_p, 0.553581, 0.0249393, 

Phase 3 time is 10365.6
