Env_base: K-1.2.0-25
files: KJ_BC_12.txt, SK_BC_12.txt, SK_BC_14.txtn_node 64, net_size 80685, n_phase_1 64, n_phase_2 256, n_phase_3 128
D_hat_phase3
659748, 647519, 30406.1, 20425.7, 44168.9, 3384.88, 882.5, 126.133, 20972.6, 60851.9, 63626.7, 1074.84, 72461.2, 161.836, 4164.88, 1313.91, 
1.98646e+06, 2.59041e+06, 142215, 66986.4, 229923, 9663.59, 3065.23, 382.829, 61841.7, 194924, 261019, 2253.76, 221785, 1581.43, 15826.6, 5278.55, 
108124, 188989, 66747.4, 2292.63, 13129.6, 198.097, 218.666, 122.214, 2259.01, 7234.41, 12042.6, -101.413, 6853.4, 174.022, 950.581, 412.033, 
144725, 131083, 4518.71, 114578, 190452, 19117.9, 5746.64, 1580.9, 106764, 308702, 300437, 7369.14, 320571, 4070.9, 18332.1, 6017.73, 
172489, 351446, 12091.8, 193302, 883657, 14348.7, 10145.5, 3231.63, 111476, 488013, 798274, 5306.66, 497507, 9437.37, 43597.8, 17802.8, 
13095, 15588.6, 2240.77, 15250.1, 5238.23, 90242.9, 2576.2, 637.655, 127206, 93646.2, 59787.9, 1109.57, 25414, 1533.15, 7267.9, 3098.75, 
14358.2, 13678.6, 659.088, 5696.59, 9566.68, 2373.39, 3976.05, 214.951, 5557.03, 15369.6, 15408.4, 319.11, 14939.7, 220.822, 1071.4, 264.771, 
2049.85, 2216.62, 82.5129, 1809.09, 3149.75, 449.248, 208.694, 171.938, 2255.53, 5215.77, 4732.23, 98.0077, 4930.13, 74.4962, 325.265, 96.8753, 
114317, 134239, 10070.3, 99018.1, 80354.3, 123448, 6496.13, 2622.13, 567953, 520530, 333597, 6687.47, 242270, 6565.37, 36667.8, 15039.1, 
328362, 320994, 13261.4, 306930, 453962, 102228, 16166.9, 4839.31, 545519, 1.04914e+06, 859088, 19269.8, 831403, 12373.9, 66663.1, 22368.4, 
331236, 402272, 15050.2, 303586, 790555, 74174.6, 16561.3, 4673.94, 384741, 884037, 1.28427e+06, 14678.6, 835891, 12884, 62067.8, 21052.1, 
14337.2, 7755.78, 230.742, 7178.75, 3686.95, 1412.38, 214.727, 38.8672, 6384.77, 17710.8, 13110.1, 6717.54, 20236.8, 484.844, 1137.54, 519.414, 
357287, 209791, 8358.79, 280530, 435643, 46093.4, 13539.2, 2917.24, 286896, 787807, 769594, 19690.1, 2.05344e+06, 8866.79, 39267.9, 11883.2, 
-5803.91, -2993.24, -151.875, 3689.02, 6541.09, 1171.52, 219.648, 40.3516, 5083.01, 9775.62, 9436.95, 359.297, 7808.59, 3023.48, 893.164, 869.922, 
88439.6, 96438.9, 5503.28, 17882.5, 41337.6, 6981.88, 1013.79, 243.945, 35118.1, 66027.9, 59116, 1139.38, 43490.8, 989.688, 16894.7, 2462.11, 
33869, 42544.9, 2671.8, 5554.3, 14825.2, 2669.88, 241.836, 99.1016, 14196.3, 20700.7, 16926.1, 478.359, 12279.6, 810.859, 2431.21, 5875.43, 
Last tstat are -0.16682, -0.327747, -0.198206, -0.234136, -0.3495, -0.130313, -0.141174, -0.124067, -0.279185, -0.309312, -0.30946, -0.0400575, 0.121197, -0.028921, -0.210293, -0.0397884, 
Last max_test is 0.742202
Cov_theta
1.26319e-06, -9.51158e-07, 4.54052e-07, -2.13105e-07, 3.59571e-07, -1.84409e-07, -3.71966e-07, -1.26278e-05, 4.16565e-07, -3.63245e-09, -1.27132e-07, -1.19309e-06, -6.75213e-08, 1.04951e-06, 1.29318e-06, -6.37155e-07, 
-9.51158e-07, 1.0839e-06, -1.7711e-06, 1.1036e-06, -3.87223e-07, 1.64901e-07, -1.20022e-06, 1.9331e-05, -6.88244e-08, -6.50903e-07, 1.88164e-07, 1.56426e-06, 1.20485e-07, -1.26482e-06, -3.31605e-07, -2.86501e-07, 
4.54052e-07, -1.7711e-06, 1.98204e-05, -3.87858e-06, 8.08658e-07, -1.80834e-06, 7.27614e-06, -3.58316e-05, -1.11392e-06, 3.90259e-06, -1.18272e-06, -2.46465e-06, -4.83628e-07, 5.79003e-07, -9.66076e-06, 2.27057e-06, 
-2.13105e-07, 1.1036e-06, -3.87858e-06, 9.67756e-05, -4.19275e-07, -6.25891e-06, 6.57814e-06, -0.000191653, 1.45491e-05, -2.93855e-05, -6.16656e-06, -3.30961e-05, -7.5887e-07, -3.47948e-05, 1.3146e-05, 1.71228e-05, 
3.59571e-07, -3.87223e-07, 8.08658e-07, -4.19275e-07, 3.92015e-06, 1.90087e-07, 7.44476e-06, -2.75888e-05, 4.71044e-07, 7.31172e-07, -2.58262e-06, 3.05558e-06, -3.2022e-08, -3.40554e-06, -1.83545e-06, -5.57063e-06, 
-1.84409e-07, 1.64901e-07, -1.80834e-06, -6.25891e-06, 1.90087e-07, 2.3977e-05, -1.56893e-05, -4.35517e-05, -6.60877e-06, 3.57543e-06, -2.44404e-07, -1.8551e-06, -2.91194e-07, -9.93036e-06, 3.14623e-06, -7.11957e-06, 
-3.71966e-07, -1.20022e-06, 7.27614e-06, 6.57814e-06, 7.44476e-06, -1.56893e-05, 0.000341931, -0.00045112, 3.63437e-06, -1.34998e-06, -8.41564e-06, -2.74296e-05, 5.09401e-07, -4.08925e-06, -6.62254e-06, 2.42214e-05, 
-1.26278e-05, 1.9331e-05, -3.58316e-05, -0.000191653, -2.75888e-05, -4.35517e-05, -0.00045112, 0.00898071, -2.96458e-05, 3.89579e-06, 2.6743e-05, 0.00034155, 1.74868e-05, -3.61232e-05, 0.000139447, 4.11871e-05, 
4.16565e-07, -6.88244e-08, -1.11392e-06, 1.45491e-05, 4.71044e-07, -6.60877e-06, 3.63437e-06, -2.96458e-05, 8.85735e-06, -8.29312e-06, -7.24509e-07, -6.47648e-06, 2.44064e-07, 1.86322e-06, 3.58972e-06, -3.57792e-06, 
-3.63245e-09, -6.50903e-07, 3.90259e-06, -2.93855e-05, 7.31172e-07, 3.57543e-06, -1.34998e-06, 3.89579e-06, -8.29312e-06, 1.56424e-05, -5.15432e-07, 3.95766e-06, -6.92119e-07, 5.44078e-06, -1.42041e-05, -2.4579e-06, 
-1.27132e-07, 1.88164e-07, -1.18272e-06, -6.16656e-06, -2.58262e-06, -2.44404e-07, -8.41564e-06, 2.6743e-05, -7.24509e-07, -5.15432e-07, 4.65253e-06, 2.38149e-06, -1.99008e-08, 4.09745e-07, -1.21246e-06, 2.73821e-06, 
-1.19309e-06, 1.56426e-06, -2.46465e-06, -3.30961e-05, 3.05558e-06, -1.8551e-06, -2.74296e-05, 0.00034155, -6.47648e-06, 3.95766e-06, 2.38149e-06, 0.000279143, 1.59691e-07, -1.44817e-05, 1.03291e-05, -3.57668e-05, 
-6.75213e-08, 1.20485e-07, -4.83628e-07, -7.5887e-07, -3.2022e-08, -2.91194e-07, 5.09401e-07, 1.74868e-05, 2.44064e-07, -6.92119e-07, -1.99008e-08, 1.59691e-07, 6.53277e-07, 1.21645e-06, 1.92834e-06, -2.83721e-06, 
1.04951e-06, -1.26482e-06, 5.79003e-07, -3.47948e-05, -3.40554e-06, -9.93036e-06, -4.08925e-06, -3.61232e-05, 1.86322e-06, 5.44078e-06, 4.09745e-07, -1.44817e-05, 1.21645e-06, 0.000443219, 1.09573e-05, -0.000126754, 
1.29318e-06, -3.31605e-07, -9.66076e-06, 1.3146e-05, -1.83545e-06, 3.14623e-06, -6.62254e-06, 0.000139447, 3.58972e-06, -1.42041e-05, -1.21246e-06, 1.03291e-05, 1.92834e-06, 1.09573e-05, 0.000114812, -2.87987e-05, 
-6.37155e-07, -2.86501e-07, 2.27057e-06, 1.71228e-05, -5.57063e-06, -7.11957e-06, 2.42214e-05, 4.11871e-05, -3.57792e-06, -2.4579e-06, 2.73821e-06, -3.57668e-05, -2.83721e-06, -0.000126754, -2.87987e-05, 0.000328085, 
Last paramters are 
rate_p, 0.219164, 0.00112392, 
rate_outdeg_p, 1.07419, 0.0010411, 
rate_age_p, -0.186812, 0.00445201, 
outde_p, -3.58686, 0.00983746, 
ego_sale_p, 0.00872338, 0.00197994, 
alt_lab_pro_p, -0.111006, 0.00489663, 
alt_grow_p, 0.343093, 0.0184914, 
alt_pf_p, 0.434658, 0.0947666, 
alt_sale_p, 0.0289387, 0.00297613, 
inPop_p, 0.412316, 0.00395505, 
sim_size_p, 0.100529, 0.00215697, 
sim_tech_p, 0.19214, 0.0167076, 
geo_dis_p, -0.141516, 0.000808256, 
recipro_p, 1.38423, 0.0210528, 
two_dis_t1_p, 1.62116, 0.010715, 
two_dis_t3_p, 0.688748, 0.0181131, 

Phase 3 time is 19231.8
