Env_base: K-1.2.0-25
files: KJ_CD_14.txt, SK_CD_14.txt, SK_CD_16.txtn_node 64, net_size 22208, n_phase_1 128, n_phase_2 512, n_phase_3 128
One simulation 54.044
D_hat_temp
99212.5, 66403.5, 3615.2, 1448.28, 3088.44, 94.6484, 3.125, 130.352, 1042.34, 3528.16, 4397.58, 107.812, 5470.47, 7.34375, 320.625, 68.75, 
267805, 252312, 15854.7, 3774.42, 13999.3, 229.927, -29.0826, 207.48, 2426.84, 9038.4, 15668.4, 162.513, 13389.4, -65.2718, 916.268, 297.051, 
17830.1, 22121.4, 5427.64, 143.384, 1209.95, -30.8396, 1.21662, 9.48617, 94.5512, 462.347, 1130.99, -44.6317, 574.705, -21.4573, 72.4792, -44.3566, 
10803.8, 3363.71, 8.47656, 13945.5, 24954.1, 1041.68, 386.25, 400.977, 8777.42, 30609.5, 35813.9, 1208.59, 36815.8, 692.969, 1574.53, 457.578, 
4527.23, 587.583, -452.707, 26131.7, 116940, -9.97451, 481.943, 719.078, 10897, 56788.7, 108091, 874.342, 66111.5, 1077.26, 4329.3, 1036.66, 
-2181.85, -822.713, -18.6227, 654.264, -573.972, 6119.21, 216.37, 72.6896, 9985.18, 4129.48, 1673.02, 92.6487, 678.931, 189.328, 281.809, 204.17, 
509.053, 360.733, 19.9249, 385.946, 578.043, 290.336, 276.01, 15.587, 715.689, 856.9, 979.033, 37.6119, 1176.55, 29.4917, 41.1374, -0.63093, 
143.095, 15.2912, -2.42551, 334.312, 601.313, 63.1958, 22.7325, 27.7199, 402.469, 803.329, 875.885, 27.3695, 863.115, 14.9209, 44.2749, 9.87615, 
-971.877, -542.163, 193.919, 8012.03, 8071.9, 9543.04, 576.699, 365.623, 49473.6, 33428.9, 22508.6, 740.09, 18665.9, 1031.34, 2066.71, 1128.91, 
11219.6, 563.314, -230.451, 30565.4, 51881.5, 4630.19, 746.98, 942.266, 35503.8, 81508.1, 80648.9, 2379.1, 76384.8, 1658.12, 4340.64, 1277.37, 
16632.6, 4307.28, -293.464, 36965.4, 107149, 2585.28, 779.364, 1207.37, 26471.8, 84317.7, 149990, 2130.38, 96410.7, 1898.02, 4968.97, 1166.46, 
1712.73, 354.375, 6.05469, 1191.56, 741.758, 162.656, 61.8359, 56.25, 747.969, 2217.66, 1949.53, 1110.66, 3170.55, 148.945, 169.805, 100.039, 
33826.7, 6538.1, -130.26, 33596, 58779.9, 2479.5, 1059.34, 886.257, 22796.5, 74055, 88640.8, 3074.36, 198568, 1647.22, 3485.28, 1057.26, 
-2549.84, -1431.45, -46.1719, 727.422, 917.461, 188.281, 52.7344, 25.0781, 928.945, 1429.57, 1664.77, 125.547, 1531.45, 539.57, 101.406, 97.6172, 
9906.84, 8069.77, 485.43, 1497.77, 4193.75, 291.016, 23.3984, 38.8672, 2184.26, 4480.12, 4833.09, 136.797, 3504.45, 79.5703, 1501.95, 270.078, 
3584.38, 2464.61, 152.266, 469.414, 1050.2, 201.328, 12.5391, 28.6328, 1235.04, 1388.32, 1241.17, 65.5078, 962.852, 95.5469, 229.883, 552.812, 
Phase 1 time is 366.049
current sub is 0
new paramters are 0.167919, 1.00033, -0.0832856, -3.04246, -0.0214416, -0.12898, 0.33201, -0.556041, 0.042315, 0.445063, 0.082327, 0.134644, -0.103078, 1.29894, 1.11806, 0.554173, 
tstat are 0.113152, 0.0962124, 0.0705709, -0.450988, -0.257394, -0.188854, -0.142409, -0.130997, -0.335791, -0.468323, -0.393332, -0.195808, -0.277216, -0.417038, -0.113849, -0.129453, 
max_test is 0.643815
current sub is 1
new paramters are 0.167897, 1.00033, -0.0833414, -3.0418, -0.0215102, -0.128801, 0.332246, -0.563403, 0.0423887, 0.445076, 0.0824174, 0.135016, -0.103109, 1.30108, 1.11785, 0.554458, 
tstat are 0.056705, 0.0342248, 0.000916947, -0.371277, -0.227516, -0.046998, -0.199392, -0.175666, -0.201067, -0.364377, -0.328324, -0.171168, -0.236346, -0.261707, -0.116914, -0.111889, 
max_test is 0.469761
current sub is 2
new paramters are 0.167875, 1.00033, -0.0832999, -3.04131, -0.0215629, -0.12893, 0.333389, -0.566026, 0.0424499, 0.44506, 0.0824995, 0.135282, -0.10313, 1.30215, 1.11782, 0.55477, 
tstat are 0.0338248, -0.0129739, -0.0566022, -0.435178, -0.228616, -0.128434, -0.0598005, -0.191322, -0.235215, -0.423468, -0.357099, -0.212421, -0.293227, -0.26488, -0.0842394, -0.0982929, 
max_test is 0.528995
current sub is 3
new paramters are 0.16784, 1.00036, -0.0831613, -3.04076, -0.0216025, -0.128821, 0.332912, -0.567888, 0.0425114, 0.445053, 0.0825453, 0.13579, -0.103132, 1.30315, 1.11751, 0.554921, 
tstat are 0.0398652, 0.0091306, 0.00824646, -0.233358, -0.164519, -0.0486985, -0.0446973, -0.00959329, -0.0819007, -0.200649, -0.236038, -0.15948, -0.133813, -0.264267, -0.0398012, -0.0379067, 
max_test is 0.422197
current sub is 4
new paramters are 0.167826, 1.00037, -0.0831712, -3.04025, -0.0216587, -0.128724, 0.332784, -0.57382, 0.0425151, 0.44497, 0.0826529, 0.136317, -0.103159, 1.30462, 1.11734, 0.554924, 
tstat are 0.0452203, 0.0041394, 0.060121, -0.230543, -0.163962, -0.0124708, -0.139945, -0.124892, -0.0789656, -0.214662, -0.166296, -0.129001, -0.197101, -0.157325, -0.0294513, -0.0123814, 
max_test is 0.335037
current sub is 5
new paramters are 0.16779, 1.00042, -0.0833638, -3.04011, -0.0215953, -0.128775, 0.333762, -0.574519, 0.0425097, 0.445044, 0.0825817, 0.136709, -0.103131, 1.30525, 1.11713, 0.554754, 
tstat are 0.0538722, -0.0182284, -0.0258949, -0.167401, -0.0324352, -0.0317766, 0.0278203, -0.0171135, -0.0608483, -0.179395, -0.142377, -0.0539198, -0.125042, -0.216754, -0.0721473, 0.0105907, 
max_test is 0.352058
current sub is 6
new paramters are 0.167741, 1.00047, -0.0833686, -3.04001, -0.0217327, -0.128692, 0.333072, -0.577572, 0.0424361, 0.445137, 0.0826869, 0.136703, -0.103127, 1.30666, 1.11729, 0.55444, 
tstat are -0.0261697, -0.0444335, -0.0150298, -0.195666, -0.109574, -0.0799455, -0.0740962, -0.109748, -0.144493, -0.187332, -0.163126, -0.0400572, -0.215513, -0.188514, -0.0490946, -0.00381954, 
max_test is 0.303868
current sub is 7
new paramters are 0.167728, 1.0005, -0.0833972, -3.03963, -0.0217458, -0.128658, 0.333141, -0.578082, 0.0425281, 0.445021, 0.0826949, 0.136492, -0.103083, 1.30772, 1.11727, 0.554012, 
tstat are 0.041065, -2.57232e-05, 0.0397256, -0.157319, -0.038563, -0.0751318, -0.139025, -0.130316, -0.0757222, -0.146402, -0.0993918, 0.00152156, -0.105734, -0.0748388, -0.0329438, -0.0522261, 
max_test is 0.260721
current sub is 8
new paramters are 0.167687, 1.00055, -0.0835428, -3.03925, -0.021806, -0.128572, 0.334113, -0.576454, 0.042513, 0.444994, 0.0826911, 0.136057, -0.103082, 1.30776, 1.11729, 0.554249, 
tstat are 0.00266353, 0.00584201, 0.0150815, -0.128512, -0.104513, -0.0140839, -0.0799787, -0.0688067, -0.102343, -0.137356, -0.118591, -0.0641828, -0.0535274, -0.0606545, 0.00133932, -0.0092294, 
max_test is 0.190676
current sub is 9
new paramters are 0.167689, 1.00054, -0.0835672, -3.0391, -0.0217763, -0.128674, 0.334646, -0.577544, 0.0425784, 0.445024, 0.0826846, 0.136267, -0.103109, 1.30793, 1.117, 0.554126, 
tstat are -0.0530309, -0.0189721, -0.0106179, -0.176228, -0.0860865, -0.111964, -0.10456, -0.0383544, -0.146031, -0.170776, -0.132381, -0.038744, -0.188997, -0.134939, -0.150787, -0.0630862, 
max_test is 0.293091
current sub is 10
new paramters are 0.167718, 1.00051, -0.0835125, -3.03886, -0.0218097, -0.12852, 0.335135, -0.58129, 0.0426198, 0.444974, 0.0827068, 0.1361, -0.103072, 1.30863, 1.11745, 0.554121, 
tstat are 0.0620757, 0.0408039, 0.000936268, -0.208704, -0.131861, 0.0129169, -0.012637, -0.125494, -0.0959668, -0.192067, -0.133671, -0.165472, -0.118689, -0.0156896, -0.0482572, -0.0684525, 
max_test is 0.302805
current sub is 11
new paramters are 0.167691, 1.00052, -0.0834748, -3.03846, -0.0217609, -0.128679, 0.334908, -0.580071, 0.0426949, 0.444938, 0.0826393, 0.13679, -0.103083, 1.30806, 1.11738, 0.554431, 
tstat are -0.0364546, -0.00696163, -0.0306275, -0.0295177, 0.0116054, -0.0210838, -0.00640987, 0.0222057, 0.0184634, -0.00709839, 0.00722, 0.047657, -0.0417535, -0.0561977, -0.0217352, 0.0423943, 
max_test is 0.162295
current sub is 12
new paramters are 0.167717, 1.00049, -0.0833641, -3.0382, -0.0217765, -0.128561, 0.334822, -0.581639, 0.0426705, 0.444884, 0.0826152, 0.13636, -0.103072, 1.30862, 1.11757, 0.554015, 
tstat are 0.0419687, 0.00332672, 0.0292491, -0.00677793, -0.0133642, 0.00758533, -0.0196754, 0.0650506, -0.00399876, -0.0155946, 0.0235991, 0.0324808, 0.0278993, 0.0659135, -0.0211006, 0.0291069, 
max_test is 0.190474
current sub is 13
new paramters are 0.167696, 1.00052, -0.0834757, -3.03801, -0.0217472, -0.12857, 0.335104, -0.585759, 0.0426796, 0.444931, 0.082564, 0.136312, -0.103093, 1.30806, 1.11763, 0.553927, 
tstat are -0.0379105, -0.0411303, -0.0612626, -0.0708122, -0.0936799, 0.0294671, -0.0657345, -0.0380629, -0.0342371, -0.0588606, -0.0878507, 0.0503416, -0.0306675, -0.0147932, -0.0601806, -0.113416, 
max_test is 0.188395
current sub is 14
new paramters are 0.167705, 1.00051, -0.0833587, -3.03781, -0.0217193, -0.128718, 0.335754, -0.586184, 0.0427303, 0.444862, 0.0825752, 0.135872, -0.103106, 1.30797, 1.11765, 0.554645, 
tstat are 0.0110982, 0.0495675, 0.0361933, -0.0231393, -0.0289214, -0.0669138, -0.00596427, -0.0195669, -0.0467111, -0.00229842, -0.021116, -0.0799624, -0.0163523, 0.00891938, -0.010529, 0.0353752, 
max_test is 0.175793
current sub is 15
new paramters are 0.167726, 1.00048, -0.0833627, -3.03754, -0.0216884, -0.128607, 0.335535, -0.586248, 0.0428115, 0.444699, 0.082567, 0.136299, -0.103109, 1.30773, 1.11781, 0.554259, 
tstat are 0.0246652, -0.0260634, -0.0253911, -0.0641402, 0.00914379, 0.0353095, -0.00535053, -0.0182801, 0.0334892, -0.0605727, -0.0180034, 0.00673866, 0.0275493, -0.0413532, 0.0466343, -0.0383117, 
max_test is 0.226274
current sub is 16
new paramters are 0.167691, 1.00052, -0.0833656, -3.03727, -0.0217359, -0.128637, 0.335627, -0.586495, 0.0427328, 0.444776, 0.0825579, 0.136105, -0.103153, 1.30787, 1.11743, 0.554667, 
tstat are 0.0273999, 0.0182444, -0.00293814, 0.00352399, -0.0680266, 0.0272573, 0.00345259, -0.0082868, 0.0491264, 0.0340687, -0.0306058, -0.0198607, 0.00489484, -0.0770448, -0.0286919, 0.0442951, 
max_test is 0.164529
current sub is 17
new paramters are 0.167684, 1.00052, -0.0833512, -3.03722, -0.0216763, -0.128655, 0.33559, -0.585611, 0.0427299, 0.444673, 0.0825513, 0.13621, -0.103152, 1.30851, 1.11772, 0.554228, 
tstat are 0.00592932, -0.0120321, 0.0212501, -0.0204456, 0.0290083, 0.055058, 0.0236184, 0.0060423, 0.0354066, -0.00558032, 0.027288, -0.0498018, -0.00359842, -0.0577126, 0.0401368, -0.019282, 
max_test is 0.142357
current sub is 18
new paramters are 0.167669, 1.00055, -0.0834367, -3.03706, -0.021687, -0.128762, 0.335412, -0.585737, 0.0427108, 0.444679, 0.0825133, 0.136413, -0.103157, 1.3089, 1.1175, 0.554426, 
tstat are 0.0262073, -0.012863, 0.00224522, 0.0490136, 0.0126184, 0.0137317, 0.00542888, -0.0442168, -0.0330324, 0.0116477, 0.038683, -0.0712263, 0.0130079, -0.00783993, 0.0238996, 0.0138324, 
max_test is 0.198183
current sub is 19
new paramters are 0.167636, 1.00059, -0.0835095, -3.03758, -0.0216287, -0.128896, 0.33547, -0.582603, 0.0427356, 0.444816, 0.0824636, 0.136975, -0.103137, 1.30903, 1.11735, 0.554239, 
tstat are 0.0426642, 0.0214791, -0.064077, 0.00858672, -0.0181353, 0.004054, -0.0687199, -0.0138891, 0.0396627, 0.0161052, -0.0182199, 0.1044, -0.00587578, -0.0414203, -0.0807396, -0.0622646, 
max_test is 0.231458
current sub is 20
new paramters are 0.167621, 1.00059, -0.0833301, -3.03762, -0.0216576, -0.12886, 0.336297, -0.581781, 0.0426638, 0.444792, 0.0824991, 0.136238, -0.103126, 1.3093, 1.11782, 0.554716, 
tstat are -0.0436487, -0.0358064, -0.047994, -0.0606072, -0.0168117, -0.0576062, -0.0205238, -0.0303553, 0.00067769, -0.0456353, -0.0147452, -0.0320917, -0.0935912, 0.0393093, -0.0431517, 0.0239034, 
max_test is 0.163132
current sub is 21
new paramters are 0.167629, 1.00058, -0.0832278, -3.03753, -0.0216472, -0.128641, 0.336234, -0.581804, 0.0426123, 0.444802, 0.0824536, 0.13631, -0.10309, 1.30891, 1.11798, 0.554452, 
tstat are 0.0174238, 0.0166801, -0.0514931, -0.0231776, -0.0130674, -0.077778, -0.0203365, 0.0461039, -0.0327563, -0.0243904, -0.0415018, -0.0488142, -0.0581695, -0.0433892, -0.0211054, -0.0635327, 
max_test is 0.169995
current sub is 22
new paramters are 0.167637, 1.00056, -0.083048, -3.03767, -0.0216805, -0.128414, 0.336277, -0.584818, 0.0425727, 0.444819, 0.0825236, 0.136592, -0.103067, 1.3091, 1.11796, 0.554952, 
tstat are -0.0788732, -0.0761922, 0.0319079, -0.0794466, -0.0657792, 0.00432973, -0.0366141, -0.106583, -0.0211715, -0.0349767, -0.0494475, -0.0268009, -0.0688022, -0.0654642, 0.0147061, -0.0504672, 
max_test is 0.21701
current sub is 23
new paramters are 0.167637, 1.00059, -0.0832272, -3.03723, -0.0216265, -0.128493, 0.336355, -0.581381, 0.0426521, 0.444629, 0.0824607, 0.136424, -0.103056, 1.30946, 1.11774, 0.555072, 
tstat are 0.0419712, 0.0517155, -0.00126326, -0.0441676, -0.0130869, -0.0950677, -0.0243886, -0.0396341, -0.0602633, -0.0568542, -0.0541037, -0.0509666, -0.0200251, -0.0228456, -0.00304487, 0.0168778, 
max_test is 0.149696
current sub is 24
new paramters are 0.167636, 1.00057, -0.0831474, -3.03727, -0.02166, -0.128289, 0.336325, -0.580954, 0.0426336, 0.444647, 0.082509, 0.136668, -0.103064, 1.30945, 1.11778, 0.554895, 
tstat are 0.0174313, 0.0163244, 0.00277821, -0.00766709, -0.0208714, 0.111889, 0.0142948, 0.00718336, 0.0373728, 0.00952327, -0.0153145, -0.0650482, 0.0629722, -0.0978163, -0.030263, -0.0136131, 
max_test is 0.200656
current sub is 25
new paramters are 0.167635, 1.00056, -0.0831341, -3.03711, -0.0216572, -0.128582, 0.336389, -0.581087, 0.0426669, 0.444573, 0.0825208, 0.136981, -0.103106, 1.31016, 1.11798, 0.554887, 
tstat are 0.0789962, 0.058918, -0.0237095, 0.0575176, 0.0107083, 0.0180412, 0.108156, 0.0778771, -0.0246323, 0.0252018, -0.030667, 0.0421152, 0.0219915, 0.00399421, 0.0439808, 0.0284136, 
max_test is 0.226588
current sub is 26
new paramters are 0.167623, 1.00056, -0.0830145, -3.03742, -0.021715, -0.128654, 0.335446, -0.583309, 0.0427049, 0.444605, 0.0826535, 0.136996, -0.103099, 1.31025, 1.11784, 0.554872, 
tstat are -0.0774257, -0.05223, -0.0252467, -0.0229892, 0.00982299, 0.0471465, -0.0290365, -0.0431917, 0.0167709, -0.0238532, -0.038486, 0.0106918, -0.0327425, 0.0380446, -0.0160697, -0.0465031, 
max_test is 0.145998
current sub is 27
new paramters are 0.16764, 1.00055, -0.0829883, -3.0376, -0.0217795, -0.128759, 0.335839, -0.581602, 0.0426717, 0.44465, 0.082724, 0.136854, -0.10309, 1.30996, 1.11779, 0.555183, 
tstat are 0.00680823, 0.0203923, 0.0907046, -0.040132, -0.0235015, -0.0075306, -0.0447573, -0.00719241, -0.00944708, -0.0385704, -0.0208639, -0.0644413, -0.0258035, 0.0523641, 0.0105895, -0.0244661, 
max_test is 0.149473
current sub is 28
new paramters are 0.167644, 1.00055, -0.0831941, -3.03759, -0.0217667, -0.128741, 0.33628, -0.582674, 0.0426618, 0.44469, 0.0827137, 0.137235, -0.103094, 1.30937, 1.11763, 0.555463, 
tstat are -0.00111135, -0.00840903, 0.0172898, -0.0344026, -0.0663549, 0.103557, 0.0855908, 0.0166679, 0.0668914, -0.0117527, -0.0073681, -0.0597493, -0.00858922, -0.00322396, -0.0230115, 0.00941814, 
max_test is 0.189466
current sub is 29
new paramters are 0.167641, 1.00056, -0.0832553, -3.03742, -0.0216869, -0.128904, 0.335485, -0.583376, 0.0426547, 0.444686, 0.0826337, 0.137589, -0.103101, 1.30942, 1.11767, 0.555369, 
tstat are -0.0533628, -0.0416367, -0.109483, 0.07751, 0.035815, 0.0826936, 0.0419528, 0.0555947, 0.110388, 0.113959, 0.0996741, -0.106378, 0.0284891, -0.0904885, 0.00188835, -0.0197736, 
max_test is 0.278076
Last paramters are 
rate_p: 0.16766
rate_outdeg_p: 1.00053
rate_age_p: -0.0829632
outde_p: -3.03751
ego_sale_p: -0.0216171
alt_lab_pro_p: -0.128967
alt_grow_p: 0.335353
alt_pf_p: -0.582906
alt_sale_p: 0.0426009
inPop_p: 0.444644
sim_size_p: 0.0825537
sim_tech_p: 0.13824
geo_dis_p: -0.103083
recipro_p: 1.31036
two_dis_t1_p: 1.11777
two_dis_t3_p: 0.555451

Convergence time 1869.31
D_hat_phase3
99408.4, 66407.3, 3596.68, 1393.24, 3087.66, 3.51562, 83.2422, -4.21875, 1033.91, 3441.84, 4421.17, 92.3438, 5529.92, -50.0391, 276.68, 117.695, 
268441, 252716, 16010, 3766.15, 14280.3, 152.342, 363.063, 169.565, 2611.37, 9104.36, 15884.4, 99.7275, 13723.7, 6.17898, 836.941, 421.301, 
17863.8, 22359.7, 5496.57, 216.194, 1329.11, 10.1474, -21.3597, 11.824, 108.301, 540.521, 1240.84, 33.0021, 647.784, 19.4663, 81.5611, 76.6027, 
11157, 3613.24, -132.617, 13802.6, 24952, 798.359, 368.086, 238.594, 8766.33, 30330.7, 35712, 1109.92, 36714.1, 684.648, 1517.23, 430.82, 
5378.43, 1651.18, -288.18, 26275.3, 117124, -216.844, 948.023, 915.43, 11237.1, 56676.4, 108295, 1001.13, 66443.7, 1447.18, 4691.92, 1288.33, 
-2176.98, -794.638, 53.6676, 727.018, -600.984, 6172.86, 323.25, 16.2754, 10025.3, 4133.06, 1716.76, 94.4173, 763.928, 170.178, 277.89, 183.947, 
522.101, 385.485, 29.8515, 403.894, 580.155, 296.754, 303.402, 27.7447, 723.659, 870.139, 982.389, 41.9216, 1196.71, 31.1024, 52.3214, 22.9197, 
143.164, 10.8478, -5.70178, 328.625, 600.108, 57.0777, 24.5698, 29.952, 399.605, 791.049, 870.514, 28.6971, 863.595, 20.5483, 47.4228, 17.1982, 
-746.995, -376.335, 127.483, 7911.28, 7973.91, 9437.5, 672.269, 260.208, 49438.2, 33182.7, 22364.4, 705.717, 18521.8, 1107.89, 1953.77, 1106.62, 
11927.7, 1177.39, -567.373, 30118, 51849, 4087.18, 723.804, 532.672, 35450, 80812.6, 80374.7, 2064.38, 75959.4, 1559.38, 4183.08, 1184.95, 
17722.4, 5314.79, -486.021, 36796.3, 107316, 2171.53, 1189.32, 946.939, 26764.1, 84088.6, 150113, 2046.89, 96144, 2039.73, 5124.61, 1458.3, 
1766.91, 367.93, -40.7031, 1125.7, 728.203, 104.766, 17.6562, 35.2734, 736.719, 2145.78, 1948.28, 1098.16, 3157.23, 139.648, 134.102, 79.0234, 
34871.8, 7492.47, -201.114, 33618.1, 58680.6, 1922.55, 1326.75, 652.017, 22721.1, 73584.4, 88807.6, 2654.29, 198535, 1687.91, 3476.83, 897.862, 
-2503.87, -1405.82, -42.9297, 695.117, 913.477, 185.312, 4.6875, 33.0859, 907.969, 1430.82, 1637.81, 140.82, 1516.6, 514.18, 96.7188, 102.148, 
9953.36, 8141.25, 413.594, 1490.35, 4118.09, 210.039, 24.9609, 17.9688, 2179.65, 4413.32, 4806.52, 90.8594, 3458.24, 49.6484, 1472.15, 190.625, 
3639.65, 2481.99, 113.672, 447.305, 1058.44, 181.133, 20.1562, -8.90625, 1239.45, 1367.5, 1198.24, 73.9453, 931.211, 87.1875, 202.656, 518.203, 
Last tstat are 0.0608197, -0.013942, -0.117397, 0.104115, -0.0682518, -0.103706, -0.142471, 0.0510919, -0.0141271, 0.119295, 0.0100329, -0.0548164, 0.00215437, 0.0100991, 0.139697, 0.11554, 
Last max_test is 0.387883
Cov_theta
6.59227e-06, -7.51499e-06, 3.90116e-06, 1.83706e-05, -1.30904e-06, 4.77038e-08, 2.05841e-05, 9.46185e-05, 7.69427e-07, -4.66736e-06, -1.53318e-06, -1.10022e-05, -1.65376e-06, -4.33341e-06, 5.24719e-06, 1.7139e-05, 
-7.51499e-06, 1.24874e-05, -2.09614e-05, -1.99098e-05, 8.53268e-07, 2.89923e-07, -5.31195e-05, -0.000157937, -2.19461e-06, 5.17717e-06, 2.559e-06, 2.36141e-05, 1.08028e-06, 1.15273e-05, 2.11186e-06, -3.66363e-05, 
3.90116e-06, -2.09614e-05, 0.000230591, 1.36368e-05, -6.24013e-06, 2.35595e-05, 0.000148146, 0.000282258, 4.65406e-06, -1.54383e-05, 1.34844e-05, -6.47679e-05, 1.36704e-06, -0.000108351, -1.25541e-05, 0.000112482, 
1.83706e-05, -1.99098e-05, 1.36368e-05, 0.000983587, -3.07952e-05, 2.70445e-05, -0.00027237, -0.000576058, 9.67436e-05, -0.000260696, -4.27499e-05, -0.000358095, -4.0908e-05, -0.000267753, -8.80322e-07, -0.00018627, 
-1.30904e-06, 8.53268e-07, -6.24013e-06, -3.07952e-05, 3.7892e-05, 7.00191e-06, -8.90282e-07, -0.000257284, 4.31842e-06, 1.03573e-05, -2.08527e-05, 3.81139e-05, 1.40732e-07, -2.7894e-05, -5.2504e-05, -6.1759e-05, 
4.77038e-08, 2.89923e-07, 2.35595e-05, 2.70445e-05, 7.00191e-06, 0.000305099, -0.00033296, 0.000882621, -6.74992e-05, 1.02397e-05, -1.45218e-05, -9.85591e-05, -2.94862e-06, -8.55107e-05, 4.62333e-05, 9.99364e-05, 
2.05841e-05, -5.31195e-05, 0.000148146, -0.00027237, -8.90282e-07, -0.00033296, 0.00453947, -0.000522865, -1.74601e-06, 9.24891e-05, -1.82288e-05, -0.000109509, 5.4687e-06, -0.000166711, -0.000151172, 0.00028348, 
9.46185e-05, -0.000157937, 0.000282258, -0.000576058, -0.000257284, 0.000882621, -0.000522865, 0.0476608, -0.00042387, 0.000263433, -4.18027e-05, -0.00118211, -0.000134703, -0.00108508, 0.00086766, 0.00323225, 
7.69427e-07, -2.19461e-06, 4.65406e-06, 9.67436e-05, 4.31842e-06, -6.74992e-05, -1.74601e-06, -0.00042387, 6.12821e-05, -5.25454e-05, 2.83545e-06, -2.54327e-06, -4.46219e-07, -7.90139e-05, -4.82649e-05, -8.78088e-05, 
-4.66736e-06, 5.17717e-06, -1.54383e-05, -0.000260696, 1.03573e-05, 1.02397e-05, 9.24891e-05, 0.000263433, -5.25454e-05, 0.000127882, -1.6043e-05, 4.42604e-05, 3.91286e-06, 5.22593e-05, -4.49182e-05, 4.80083e-05, 
-1.53318e-06, 2.559e-06, 1.34844e-05, -4.27499e-05, -2.08527e-05, -1.45218e-05, -1.82288e-05, -4.18027e-05, 2.83545e-06, -1.6043e-05, 3.94681e-05, 4.72327e-05, 1.73799e-06, 1.62048e-05, 2.50138e-05, 3.52327e-05, 
-1.10022e-05, 2.36141e-05, -6.47679e-05, -0.000358095, 3.81139e-05, -9.85591e-05, -0.000109509, -0.00118211, -2.54327e-06, 4.42604e-05, 4.72327e-05, 0.00164202, -4.23463e-06, -0.000208628, -0.000103253, -0.000190196, 
-1.65376e-06, 1.08028e-06, 1.36704e-06, -4.0908e-05, 1.40732e-07, -2.94862e-06, 5.4687e-06, -0.000134703, -4.46219e-07, 3.91286e-06, 1.73799e-06, -4.23463e-06, 1.0439e-05, 2.92459e-05, 2.09129e-06, 9.19772e-07, 
-4.33341e-06, 1.15273e-05, -0.000108351, -0.000267753, -2.7894e-05, -8.55107e-05, -0.000166711, -0.00108508, -7.90139e-05, 5.22593e-05, 1.62048e-05, -0.000208628, 2.92459e-05, 0.00276776, 0.000181011, -1.78016e-05, 
5.24719e-06, 2.11186e-06, -1.25541e-05, -8.80322e-07, -5.2504e-05, 4.62333e-05, -0.000151172, 0.00086766, -4.82649e-05, -4.49182e-05, 2.50138e-05, -0.000103253, 2.09129e-06, 0.000181011, 0.00117406, -0.000147465, 
1.7139e-05, -3.66363e-05, 0.000112482, -0.00018627, -6.1759e-05, 9.99364e-05, 0.00028348, 0.00323225, -8.78088e-05, 4.80083e-05, 3.52327e-05, -0.000190196, 9.19772e-07, -1.78016e-05, -0.000147465, 0.00288916, 
Last paramters are 
rate_p, 0.16766, 0.00256754, 
rate_outdeg_p, 1.00053, 0.00353375, 
rate_age_p, -0.0829632, 0.0151852, 
outde_p, -3.03751, 0.0313622, 
ego_sale_p, -0.0216171, 0.00615565, 
alt_lab_pro_p, -0.128967, 0.0174671, 
alt_grow_p, 0.335353, 0.0673756, 
alt_pf_p, -0.582906, 0.218313, 
alt_sale_p, 0.0426009, 0.00782829, 
inPop_p, 0.444644, 0.0113085, 
sim_size_p, 0.0825537, 0.00628236, 
sim_tech_p, 0.13824, 0.0405218, 
geo_dis_p, -0.103083, 0.00323094, 
recipro_p, 1.31036, 0.0526095, 
two_dis_t1_p, 1.11777, 0.0342646, 
two_dis_t3_p, 0.555451, 0.0537509, 

Phase 3 time is 373.143
