Env_base: K-1.2.0-25
files: KJ_AB_10.txt, SK_AB_10.txt, SK_AB_12.txtn_node 64, net_size 22809, n_phase_1 128, n_phase_2 512, n_phase_3 128
One simulation 41.2119
D_hat_temp
123016, 53123, 2975.51, 898.359, 2339.96, 18.5938, -24.4141, 39.5312, 645.781, 1989.14, 2932.15, 125.352, 3163.59, -6.44531, 180.586, 51.5625, 
348756, 213858, 13647.3, 2582.86, 11013.2, -42.2631, -68.4463, 59.1733, 1676.76, 5799.78, 11415.6, 252.13, 8381.15, -95.097, 439.507, 114.863, 
23587.5, 19451.7, 5193.52, 132.701, 872.285, 16.4839, -20.3682, -5.18481, 37.3892, 291.702, 820.958, -37.5585, 363.048, 3.85246, 13.5448, 55.7319, 
20830.1, 6485.7, 324.336, 9787.73, 19039.6, 725.078, -280.664, 185.078, 5891.25, 20678.4, 25521, 778.867, 25095.9, 532.773, 1229.73, 388.516, 
28516.7, 17717.9, 952.162, 20909.1, 90169.8, 51.5598, -809.403, 493.2, 8889.69, 44045, 84209, 534.112, 51625.5, 987.073, 3868.43, 1010.14, 
1484.88, 826.797, 33.6677, 539.539, -329.837, 4564.18, 192.175, 30.0181, 6581.56, 2777.78, 745.28, 67.3088, 610.104, 103.375, 210.26, 122.734, 
-150.534, 50.7148, 16.12, -306.722, -629.803, 165.185, 532.11, 27.4401, -31.9409, -590.903, -839.862, -25.647, -835.567, -21.0927, -48.5829, -0.202685, 
286.115, 79.818, 3.41116, 127.852, 250.898, 36.9996, 21.8555, 23.1171, 130.151, 292.297, 338.925, 5.67276, 344.795, 3.02302, 12.2668, 1.76629, 
7373.97, 2075.16, 213.118, 5360.85, 6364.72, 6454.23, 102.547, 215.27, 33533.5, 22578.2, 13577.3, 431.971, 12003, 807.019, 1595.16, 879.481, 
31132.9, 8835.67, 538.655, 21105.4, 39107.7, 3171.1, -528.506, 536.889, 24248.7, 54911.5, 55845.1, 1485.7, 51376.1, 1236.13, 3442.1, 1122.71, 
49892, 21506, 1096.86, 27448.4, 83117.8, 1375.7, -954.943, 643.683, 16722.5, 59476.8, 110602, 1272.01, 69408.7, 1496.91, 4220.59, 1035.01, 
2261.48, 283.398, -24.4922, 747.5, 542.93, 87.1484, -3.90625, 7.73438, 491.055, 1360.94, 1239.84, 714.492, 1989.92, 72.1484, 66.0156, 57.5, 
51801.7, 10336.6, 570.276, 23286.5, 44760.6, 1619.22, -801.666, 230.209, 14712.8, 49453, 62678.7, 2017.95, 135923, 1285.5, 2596.31, 505.71, 
-1556.13, -435.781, -4.0625, 413.242, 633.359, 86.3281, -13.3203, -1.83594, 545.781, 844.961, 983.047, 60.2734, 877.734, 330.977, 56.7969, 59.6094, 
14017.4, 7649.34, 461.328, 1155.82, 3340.74, 186.797, -28.125, 19.6484, 1515.16, 3189.96, 3535.62, 106.25, 2515.23, 74.8047, 1210.62, 179.336, 
5187.77, 2330.39, 167.266, 352.891, 831.484, 140.078, 5.70312, 24.1797, 926.914, 981.055, 833.516, 84.1797, 648.828, 90.7422, 189.727, 452.422, 
Phase 1 time is 290.65
current sub is 0
new paramters are 0.0978895, 1.07427, -0.166254, -3.00622, -0.0256975, -0.0167599, 0.0452167, 0.409613, 0.0180126, 0.455347, 0.106934, 0.0789673, -0.114315, 1.67084, 1.13444, 0.596966, 
tstat are 0.344952, 0.455632, 0.14455, -0.374516, -0.254781, -0.162902, 0.0285627, -0.0840277, -0.228881, -0.394358, -0.336471, -0.263732, -0.0760553, -0.610641, 0.0427902, 0.0519467, 
max_test is 0.940605
current sub is 1
new paramters are 0.097904, 1.07411, -0.166027, -3.00584, -0.0256621, -0.0164656, 0.0454239, 0.409182, 0.0179675, 0.455482, 0.106984, 0.0801275, -0.114479, 1.67609, 1.13419, 0.595502, 
tstat are 0.381693, 0.490871, 0.24592, -0.340154, -0.24862, -0.116775, 0.0686395, -0.0885632, -0.184638, -0.354878, -0.362017, -0.118864, -0.161183, -0.462517, 0.0879185, 0.0531111, 
max_test is 0.796607
current sub is 2
new paramters are 0.0979047, 1.07397, -0.166069, -3.00579, -0.0256834, -0.0162514, 0.0452821, 0.409539, 0.0179329, 0.455585, 0.107152, 0.080366, -0.11455, 1.68007, 1.13389, 0.594628, 
tstat are 0.440276, 0.493084, 0.206878, -0.273799, -0.278466, -0.104191, 0.172977, 0.0190111, -0.136663, -0.269632, -0.304208, -0.104166, -0.142818, -0.391366, 0.0735817, 0.0679625, 
max_test is 0.747327
current sub is 3
new paramters are 0.0979031, 1.07384, -0.16604, -3.00567, -0.0255729, -0.0159579, 0.0444998, 0.406972, 0.0179007, 0.455639, 0.107214, 0.0806785, -0.114611, 1.68339, 1.13365, 0.593821, 
tstat are 0.338535, 0.372888, 0.10669, -0.199779, -0.141845, -0.155786, 0.00349053, 0.023153, -0.263871, -0.256439, -0.199685, -0.17027, -0.0692527, -0.40926, 0.0461636, -0.0484514, 
max_test is 0.632446
current sub is 4
new paramters are 0.097892, 1.07375, -0.16586, -3.00583, -0.0255486, -0.0157918, 0.0448546, 0.403749, 0.0179683, 0.455808, 0.107279, 0.0815339, -0.114684, 1.68659, 1.13337, 0.59373, 
tstat are 0.308084, 0.383564, 0.226343, -0.188403, -0.125893, -0.113466, 0.0992421, 0.0672613, -0.225772, -0.256899, -0.168376, -0.121863, 0.0359332, -0.24477, -0.0331446, 0.0365532, 
max_test is 0.663334
current sub is 5
new paramters are 0.0978984, 1.07364, -0.165957, -3.00561, -0.0255382, -0.0156863, 0.0445664, 0.399459, 0.0180209, 0.455976, 0.107314, 0.0820373, -0.114839, 1.68818, 1.13365, 0.593145, 
tstat are 0.175615, 0.252732, 0.1744, -0.199828, -0.184275, -0.103496, 0.0463765, -0.0399364, -0.143342, -0.211202, -0.188587, -0.164309, -0.0812295, -0.354553, -0.0665851, 0.0180199, 
max_test is 0.548082
current sub is 6
new paramters are 0.0979069, 1.07357, -0.166101, -3.0056, -0.0254347, -0.015493, 0.0444465, 0.399395, 0.0180104, 0.456035, 0.107287, 0.0828135, -0.114891, 1.69126, 1.13401, 0.592182, 
tstat are 0.156591, 0.232374, 0.151321, -0.164254, -0.0943995, -0.0702944, -0.0140645, -0.00779678, -0.151571, -0.180996, -0.147845, -0.165508, -0.0633347, -0.172527, 0.0183629, -0.0640998, 
max_test is 0.400446
current sub is 7
new paramters are 0.0979203, 1.07349, -0.166187, -3.00549, -0.0254507, -0.0154788, 0.0448348, 0.397642, 0.0180768, 0.456069, 0.107356, 0.0836076, -0.114944, 1.69246, 1.13383, 0.592463, 
tstat are 0.225141, 0.290655, 0.13681, -0.0804764, -0.00824774, -0.0515262, -0.036387, 0.0201245, -0.0490223, -0.098246, -0.056975, -0.103086, 0.0576323, -0.153005, 0.0607656, 0.0708759, 
max_test is 0.426627
current sub is 8
new paramters are 0.097928, 1.0734, -0.166184, -3.00529, -0.0255023, -0.0153682, 0.0453263, 0.395628, 0.018027, 0.456164, 0.107409, 0.0841613, -0.115047, 1.69358, 1.13383, 0.591882, 
tstat are 0.214296, 0.263098, 0.110849, -0.0763304, 0.0310137, -0.0447911, -0.0111421, 0.0321228, -0.0766236, -0.06946, -0.00909134, -0.091181, 0.0131557, -0.107145, 0.125561, 0.0807554, 
max_test is 0.35452
current sub is 9
new paramters are 0.0979294, 1.07332, -0.166132, -3.00456, -0.0255452, -0.0153989, 0.0456785, 0.393034, 0.0181362, 0.456052, 0.10739, 0.0845362, -0.115118, 1.69413, 1.1335, 0.591341, 
tstat are 0.218468, 0.241471, 0.031196, -0.0106356, -0.0363938, -0.0113655, 0.0829664, 0.0873146, -0.0223944, -0.015254, -0.0121325, 0.0252297, 0.00275146, -0.188281, 0.0655127, 0.0805701, 
max_test is 0.368689
current sub is 10
new paramters are 0.0979206, 1.07326, -0.165932, -3.00451, -0.0254809, -0.0153505, 0.045303, 0.39, 0.0181371, 0.456074, 0.10735, 0.0843002, -0.11514, 1.69594, 1.13351, 0.59078, 
tstat are 0.100587, 0.114503, 0.0126024, -0.136479, -0.0928419, -0.0919178, -0.0146674, 0.0519882, -0.123842, -0.158888, -0.108394, -0.0570809, -0.0890137, -0.170162, -0.00763037, -0.0869116, 
max_test is 0.290377
current sub is 11
new paramters are 0.0979208, 1.07322, -0.165825, -3.00451, -0.025457, -0.0152005, 0.0457488, 0.385926, 0.01813, 0.456215, 0.107348, 0.0844015, -0.115156, 1.69696, 1.13327, 0.591347, 
tstat are 0.078024, 0.107063, 0.0336004, -0.0801797, -0.0135979, -0.0478325, -0.00469565, -0.00168109, -0.0387152, -0.0770743, -0.0617737, -0.0247531, -0.0341164, -0.0847257, -0.0295579, -0.0795736, 
max_test is 0.196514
current sub is 12
new paramters are 0.0979238, 1.07318, -0.165783, -3.00423, -0.0255427, -0.0150831, 0.0458991, 0.385079, 0.0180985, 0.456169, 0.107408, 0.0842821, -0.115175, 1.69748, 1.13347, 0.591943, 
tstat are 0.119044, 0.187991, 0.187674, -0.0394882, -0.0889354, 0.0229897, 0.0303923, 0.0026037, -0.00876676, -0.034447, -0.0543365, -0.0180542, -0.013695, -0.0177276, 0.129692, 0.139621, 
max_test is 0.325711
current sub is 13
new paramters are 0.0979391, 1.07312, -0.166021, -3.0042, -0.0254181, -0.0151532, 0.0458042, 0.384362, 0.0181491, 0.456199, 0.107365, 0.0844339, -0.1152, 1.69765, 1.13292, 0.590991, 
tstat are 0.0790835, 0.112177, 0.0686554, -0.114026, -0.0345501, -0.0266956, -0.0486932, -0.0321392, -0.0541072, -0.0886707, -0.110084, -0.0998599, -0.0381948, -0.177795, -0.0226524, -0.0032366, 
max_test is 0.299461
current sub is 14
new paramters are 0.0979426, 1.07309, -0.166051, -3.00375, -0.0255187, -0.0151747, 0.0463414, 0.384188, 0.0181963, 0.456018, 0.107485, 0.0848328, -0.115238, 1.69893, 1.13318, 0.590705, 
tstat are 0.0944278, 0.149945, 0.021743, -0.0481021, -0.0384514, 0.00656101, 0.0532717, 0.0157642, 0.0214969, -0.0418532, -0.00695104, -0.0128504, -0.0320872, -0.111975, 0.0641254, 0.0659568, 
max_test is 0.257914
current sub is 15
new paramters are 0.0979588, 1.07301, -0.165895, -3.00373, -0.0254325, -0.0150963, 0.0460485, 0.383476, 0.0181146, 0.456127, 0.10738, 0.0848051, -0.115247, 1.70013, 1.13296, 0.590159, 
tstat are -0.0123847, 0.0257874, 0.0266292, -0.06882, -0.0249879, -0.0945588, -0.0125267, -0.0436034, -0.127059, -0.0858108, -0.0457075, 0.00962311, -0.0844183, -0.0105713, -0.0440975, -0.035917, 
max_test is 0.168412
current sub is 16
new paramters are 0.0979721, 1.07298, -0.165909, -3.00361, -0.0254456, -0.014998, 0.0461452, 0.383808, 0.0182032, 0.456098, 0.107369, 0.084516, -0.115221, 1.70002, 1.13308, 0.590221, 
tstat are 0.186569, 0.220942, 0.116021, 0.0224842, 0.0428964, -0.0934567, -0.00337515, 0.0250001, -0.0590972, -0.00541277, 0.0439432, -0.0219752, 0.0669298, -0.0024951, 0.124176, 0.0959774, 
max_test is 0.293619
current sub is 17
new paramters are 0.09797, 1.07293, -0.165956, -3.00353, -0.0254299, -0.0147896, 0.0461612, 0.382578, 0.0182264, 0.456167, 0.107341, 0.0847148, -0.115273, 1.6999, 1.13272, 0.589749, 
tstat are 0.136535, 0.159374, 0.0539905, 0.0224302, 0.0570185, 0.021107, -0.0292962, -0.0149678, -0.00786159, -0.00799534, 0.0199229, -0.0278086, 0.0179514, -0.035255, 0.0861084, 0.00452463, 
max_test is 0.206863
current sub is 18
new paramters are 0.0979643, 1.0729, -0.165914, -3.0038, -0.025505, -0.014858, 0.0463403, 0.38329, 0.0181885, 0.456293, 0.107401, 0.0849642, -0.115278, 1.70024, 1.13252, 0.58994, 
tstat are 0.0680905, 0.0601857, -0.00679846, 0.0276122, -0.0163378, 0.0569832, 0.0273668, -0.0455027, 0.00573957, 0.00354129, -0.0256534, 0.0424675, 0.0469167, -0.0211915, 0.0296482, 0.0186767, 
max_test is 0.161137
current sub is 19
new paramters are 0.0979564, 1.07289, -0.165835, -3.00407, -0.0255211, -0.0150079, 0.0460026, 0.385878, 0.0181901, 0.456341, 0.107466, 0.0848035, -0.115297, 1.70057, 1.13249, 0.589833, 
tstat are 0.050911, 0.0815852, 0.0348542, -0.0152914, -0.011982, 0.0790176, 0.0505434, 0.0203777, 0.0692866, 0.0173332, -0.00537081, -0.0444976, 0.0335284, -0.0111961, 0.0550153, 0.0684153, 
max_test is 0.179564
current sub is 20
new paramters are 0.0979643, 1.07286, -0.165802, -3.00375, -0.0255016, -0.0151409, 0.0457482, 0.38549, 0.0181823, 0.456266, 0.107453, 0.0851034, -0.11534, 1.70065, 1.13238, 0.589392, 
tstat are 0.034849, 0.0419019, 0.0617099, 0.0485996, 0.0072258, -0.0185192, -0.0678728, 0.0481682, 0.0228405, 0.0263576, -0.00494322, 0.00403694, 0.0592239, 0.00972135, -0.0103921, -0.0243966, 
max_test is 0.171145
current sub is 21
new paramters are 0.0979654, 1.07285, -0.165922, -3.0042, -0.0255283, -0.0150283, 0.0463303, 0.383434, 0.0180844, 0.456413, 0.107546, 0.0852235, -0.115364, 1.70061, 1.13246, 0.589787, 
tstat are 0.0287253, 0.0855986, 0.105133, -0.021366, 0.0393962, -0.0512288, -0.035947, -0.075316, -0.0862514, -0.0477556, 0.00427618, 0.0860171, -0.0251012, 0.0356578, -0.000829621, 0.0709284, 
max_test is 0.242738
current sub is 22
new paramters are 0.0979811, 1.07281, -0.166072, -3.00394, -0.025595, -0.0150292, 0.0465041, 0.385225, 0.0181783, 0.456361, 0.107542, 0.0844047, -0.115355, 1.70029, 1.13269, 0.589162, 
tstat are 0.0973583, 0.154526, 0.0438665, -0.00932692, -0.0080175, -0.0641273, -0.0301309, -0.0397829, -0.0587142, -0.0368639, -0.0325093, -0.0821107, 0.0453923, 0.016518, 0.0172168, -0.028134, 
max_test is 0.24746
current sub is 23
new paramters are 0.0979952, 1.07274, -0.165961, -3.0041, -0.025612, -0.0148983, 0.0466183, 0.386339, 0.0181834, 0.456399, 0.10761, 0.0850659, -0.1154, 1.69995, 1.13273, 0.589392, 
tstat are 0.0403715, 0.0378189, -0.0301761, 0.0239542, 0.0474171, 0.0147108, 0.0221841, 0.0513024, 0.0338112, 0.0341798, 0.0313323, 0.0845127, 0.0315173, -0.0392437, 0.0350441, 0.0277548, 
max_test is 0.139323
current sub is 24
new paramters are 0.0979931, 1.07273, -0.165841, -3.00388, -0.0256707, -0.0148944, 0.0465353, 0.384841, 0.018159, 0.456364, 0.107628, 0.0844068, -0.115415, 1.70039, 1.13271, 0.589388, 
tstat are 0.117546, 0.131752, 0.102632, 0.118618, 0.0888509, 0.000407877, 0.0590544, 0.1954, 0.0286343, 0.10881, 0.123262, 0.0590188, 0.118884, 0.0387286, 0.0377539, 0.0135327, 
max_test is 0.281787
current sub is 25
new paramters are 0.0979931, 1.07271, -0.165965, -3.0039, -0.0256517, -0.0148625, 0.0463257, 0.379074, 0.018163, 0.456402, 0.107595, 0.0841808, -0.115455, 1.69998, 1.13282, 0.589838, 
tstat are 0.0524038, 0.0292048, 0.0105374, -0.0486215, -0.138662, -0.0533187, 0.00108885, 0.00803951, -0.0503998, -0.0666021, -0.140365, 0.136198, -0.0329723, 0.00144645, -0.028072, -0.0273457, 
max_test is 0.235767
current sub is 26
new paramters are 0.0979833, 1.07271, -0.165999, -3.00414, -0.0256066, -0.0147251, 0.0464096, 0.377658, 0.0181581, 0.456459, 0.107687, 0.0831782, -0.115458, 1.69981, 1.13279, 0.590233, 
tstat are -0.0534572, -0.0307529, -0.00842844, 0.0291867, 0.0647612, -0.0188756, 0.0830866, 0.0488409, 0.0410996, 0.0543175, 0.0186872, -0.0906313, -0.00933198, -0.00681321, -0.00924602, -0.00994383, 
max_test is 0.203629
current sub is 27
new paramters are 0.0979956, 1.0727, -0.165989, -3.00423, -0.0256978, -0.0145751, 0.0457503, 0.377083, 0.0181169, 0.456373, 0.107788, 0.0838326, -0.115441, 1.69992, 1.13295, 0.590308, 
tstat are 0.0276169, 0.0295264, 0.0544612, -0.0106956, 0.0275425, 0.0950634, 0.066918, -0.0193268, 0.0454187, -0.0140514, 0.0263067, 0.0130641, -0.0370448, 0.0698855, 0.0414818, -0.00532057, 
max_test is 0.183718
current sub is 28
new paramters are 0.0979896, 1.07271, -0.166122, -3.00423, -0.0257232, -0.014777, 0.0451826, 0.378515, 0.0180884, 0.456447, 0.107744, 0.0837052, -0.115413, 1.69925, 1.13279, 0.590612, 
tstat are 0.0962314, 0.122575, 0.0914439, 0.107111, 0.0517513, 0.0398081, -0.0879759, -0.0216388, 0.0564774, 0.11093, 0.0795066, 0.0738569, 0.0483516, -0.113735, 0.058267, 0.0795736, 
max_test is 0.26431
current sub is 29
new paramters are 0.0979924, 1.07268, -0.166204, -3.00429, -0.0256949, -0.014857, 0.0457364, 0.380088, 0.0180952, 0.456342, 0.107722, 0.0832689, -0.115391, 1.70075, 1.13299, 0.589999, 
tstat are 0.00362957, -0.0249551, 0.0208775, -0.0979837, -0.0632428, -0.0149399, 0.0583753, 0.0115656, 0.0288373, -0.0602655, -0.0781704, -0.0794515, -0.0320238, -0.032952, -0.0102168, -0.0168358, 
max_test is 0.177575
Last paramters are 
rate_p: 0.0979797
rate_outdeg_p: 1.07272
rate_age_p: -0.166316
outde_p: -3.00394
ego_sale_p: -0.0256966
alt_lab_pro_p: -0.0147246
alt_grow_p: 0.0454272
alt_pf_p: 0.379137
alt_sale_p: 0.0180308
inPop_p: 0.456299
sim_size_p: 0.107724
sim_tech_p: 0.0836666
geo_dis_p: -0.115417
recipro_p: 1.70076
two_dis_t1_p: 1.13288
two_dis_t3_p: 0.590121

Convergence time 1475.06
D_hat_phase3
122624, 52861.9, 2916.09, 813.828, 2160, 38.2812, -90.8203, 22.1094, 547.852, 1990.2, 2877.34, 81.0938, 3003.48, -64.4531, 158.203, 60.9375, 
347380, 212689, 13516, 2391.25, 10519.8, 46.8529, -304.658, 22.2534, 1423.28, 5875.23, 11402.7, 181.531, 8175.19, -69.7025, 532.503, 76.2888, 
23490.7, 19327.9, 5132.06, 117.667, 890.523, -31.5313, -53.2787, -19.5261, 54.646, 309.415, 771.044, -8.99853, 341.712, 1.28855, 56.0075, -21.2248, 
21336.7, 6479.26, 201.016, 9582.11, 18765.7, 582.656, -245.195, 176.562, 5714.8, 20474.2, 25260.5, 673.828, 24691.4, 379.219, 1137.97, 241.641, 
29318.1, 17646, 649.313, 20499.8, 88855.8, -309.397, -576.196, 39.3026, 8374.46, 43448.4, 82849.5, 338.796, 50651.8, 652.337, 3518.68, 424.082, 
1656.14, 900.57, 122.582, 488.375, -319.095, 4451.11, 157.518, 55.9695, 6534.61, 2831.12, 698.15, 55.322, 626.133, 106.815, 156.539, 128.534, 
-175.616, 91.5912, 0.89579, -273.259, -610.048, 156.867, 535.202, 6.17319, 4.97179, -590.999, -859.292, -14.6395, -796.984, -2.152, -44.9169, -11.5215, 
286.853, 80.3288, -1.61162, 124.853, 248.732, 35.134, 23.6041, 15.8374, 128.627, 293.511, 331.226, 9.05711, 340.272, 0.759752, 9.90523, -0.439552, 
8295.84, 2372.17, 331.107, 5192.69, 6288.92, 6362.18, 73.7782, 265.942, 33322.2, 22545.2, 13272.9, 499.601, 11865.6, 674.897, 1523.11, 803.047, 
32645.2, 9003.4, 260.115, 20601.1, 38599, 2862.77, -483.53, 392.364, 23721.5, 54470.7, 55137.4, 1259.38, 50444.8, 854.541, 3189.81, 796.287, 
51574.7, 21515, 903.585, 26928.2, 81860.4, 935.532, -714.826, 272.654, 16114.5, 58980.2, 109177, 1163.22, 68175.6, 1056.7, 3880.2, 590.292, 
2361.76, 291.797, -30.3125, 739.453, 538.633, 77.7344, -3.35938, 7.8125, 453.281, 1320.12, 1261.68, 704.219, 1981.33, 82.2266, 67.8125, 55.7422, 
52471.7, 10219.5, -39.2683, 22540.3, 44055.7, 1251.93, -738.439, 244.381, 14351.9, 48813, 62185.9, 1589.3, 134527, 590.43, 2243.78, 320.927, 
-1406.84, -355.547, 1.28906, 414.609, 625.547, 116.562, -0.234375, 0.390625, 545.195, 833.672, 986.562, 83.0469, 863.008, 360.859, 78.0078, 81.25, 
14088.5, 7640.94, 454.531, 1132.38, 3225.47, 163.203, -33.1641, 11.4844, 1480.12, 3175.27, 3446.05, 90.5859, 2432.15, 59.375, 1193.75, 182.109, 
5193.32, 2294.53, 137.969, 302.344, 785.664, 113.086, -20.2734, -11.1328, 853.945, 944.922, 791.523, 38.4766, 602.539, 47.2656, 146.211, 426.328, 
Last tstat are 0.0639426, 0.052143, 0.0634045, 0.0592386, 0.108152, 0.023346, 0.0279977, 0.147755, -0.0255415, 0.0234689, 0.0714956, 0.0075158, 0.139819, -0.0961065, 0.0298757, 0.101097, 
Last max_test is 0.33455
Cov_theta
2.49826e-06, -3.5905e-06, -2.18928e-07, -4.13762e-06, 8.94143e-09, -3.87812e-06, -5.987e-06, 1.47267e-07, 1.43728e-06, -2.25188e-07, -9.06354e-07, 2.37185e-06, 3.70903e-07, 1.80441e-05, 5.05545e-06, -7.54126e-06, 
-3.5905e-06, 9.74345e-06, -1.91293e-05, 1.09694e-05, 1.23866e-06, 6.53991e-06, 3.3476e-06, -0.000119511, 1.478e-07, -2.39402e-06, -1.02694e-07, 1.27188e-06, -7.1446e-07, -4.04923e-05, -7.2044e-06, 5.52464e-06, 
-2.18928e-07, -1.91293e-05, 0.000340386, 9.41091e-06, -4.00391e-06, -6.92125e-06, 6.78369e-05, 0.00136626, -3.64559e-05, 1.88506e-05, -1.14403e-05, 4.32589e-05, -2.09725e-06, 9.58924e-05, -3.98523e-05, 0.000183017, 
-4.13762e-06, 1.09694e-05, 9.41091e-06, 0.00196199, -0.000108058, -4.1739e-05, 0.000111444, -0.00879718, 0.000208596, -0.000458628, -9.16856e-05, -0.000471849, -6.99108e-05, -0.00135123, -1.79994e-06, -0.000146323, 
8.94143e-09, 1.23866e-06, -4.00391e-06, -0.000108058, 5.91547e-05, 4.09675e-06, 1.49078e-05, 0.000544747, -1.39633e-05, 2.81232e-05, -3.11765e-05, 3.52059e-05, 4.48476e-07, 0.000133498, -6.95113e-05, 4.16721e-05, 
-3.87812e-06, 6.53991e-06, -6.92125e-06, -4.1739e-05, 4.09675e-06, 0.000370517, -0.00021027, 3.39935e-05, -7.98114e-05, 2.58613e-05, 8.87444e-06, 9.23874e-05, 8.52298e-06, -0.000163672, 2.4434e-05, -6.64019e-05, 
-5.987e-06, 3.3476e-06, 6.78369e-05, 0.000111444, 1.49078e-05, -0.00021027, 0.00269417, -0.0048218, 3.47279e-05, 3.90666e-05, -4.52017e-05, 0.000153362, 1.27331e-05, -9.22739e-05, 0.000118374, -4.33125e-06, 
1.47267e-07, -0.000119511, 0.00136626, -0.00879718, 0.000544747, 3.39935e-05, -0.0048218, 0.130338, -0.00156717, 0.00169971, 0.000224721, 0.00385796, 0.000317991, 0.00804261, -0.000678783, 0.00605068, 
1.43728e-06, 1.478e-07, -3.64559e-05, 0.000208596, -1.39633e-05, -7.98114e-05, 3.47279e-05, -0.00156717, 9.62284e-05, -8.02547e-05, -9.15749e-07, -0.000104618, -5.06882e-06, -0.000146823, -2.81324e-06, -0.000109337, 
-2.25188e-07, -2.39402e-06, 1.88506e-05, -0.000458628, 2.81232e-05, 2.58613e-05, 3.90666e-05, 0.00169971, -8.02547e-05, 0.000184714, -8.73656e-06, 0.000112521, 8.08977e-06, 0.000239, -6.5389e-05, 3.84206e-05, 
-9.06354e-07, -1.02694e-07, -1.14403e-05, -9.16856e-05, -3.11765e-05, 8.87444e-06, -4.52017e-05, 0.000224721, -9.15749e-07, -8.73656e-06, 5.75479e-05, 2.58708e-05, 3.00809e-06, -2.04368e-05, 4.12415e-05, -1.86403e-05, 
2.37185e-06, 1.27188e-06, 4.32589e-05, -0.000471849, 3.52059e-05, 9.23874e-05, 0.000153362, 0.00385796, -0.000104618, 0.000112521, 2.58708e-05, 0.00210973, 2.10322e-05, -9.74509e-05, -9.36367e-05, 0.000137755, 
3.70903e-07, -7.1446e-07, -2.09725e-06, -6.99108e-05, 4.48476e-07, 8.52298e-06, 1.27331e-05, 0.000317991, -5.06882e-06, 8.08977e-06, 3.00809e-06, 2.10322e-05, 1.39955e-05, 6.44208e-05, 3.78584e-06, -1.56808e-05, 
1.80441e-05, -4.04923e-05, 9.58924e-05, -0.00135123, 0.000133498, -0.000163672, -9.22739e-05, 0.00804261, -0.000146823, 0.000239, -2.04368e-05, -9.74509e-05, 6.44208e-05, 0.00475381, 0.000235846, -0.000401456, 
5.05545e-06, -7.2044e-06, -3.98523e-05, -1.79994e-06, -6.95113e-05, 2.4434e-05, 0.000118374, -0.000678783, -2.81324e-06, -6.5389e-05, 4.12415e-05, -9.36367e-05, 3.78584e-06, 0.000235846, 0.00116285, -0.000311505, 
-7.54126e-06, 5.52464e-06, 0.000183017, -0.000146323, 4.16721e-05, -6.64019e-05, -4.33125e-06, 0.00605068, -0.000109337, 3.84206e-05, -1.86403e-05, 0.000137755, -1.56808e-05, -0.000401456, -0.000311505, 0.00274837, 
Last paramters are 
rate_p, 0.0979797, 0.00158059, 
rate_outdeg_p, 1.07272, 0.00312145, 
rate_age_p, -0.166316, 0.0184496, 
outde_p, -3.00394, 0.0442944, 
ego_sale_p, -0.0256966, 0.00769121, 
alt_lab_pro_p, -0.0147246, 0.0192488, 
alt_grow_p, 0.0454272, 0.0519054, 
alt_pf_p, 0.379137, 0.361024, 
alt_sale_p, 0.0180308, 0.00980961, 
inPop_p, 0.456299, 0.0135909, 
sim_size_p, 0.107724, 0.00758604, 
sim_tech_p, 0.0836666, 0.0459317, 
geo_dis_p, -0.115417, 0.00374105, 
recipro_p, 1.70076, 0.0689479, 
two_dis_t1_p, 1.13288, 0.0341006, 
two_dis_t3_p, 0.590121, 0.0524249, 

Phase 3 time is 295.499
